JAN 01 07.00 07.33 08.44 09.57 10.49 12.54 16.12 17.04 17.58 18.49
JAN 06 07.00 07.33 08.43 09.58 10.50 12.56 16.17 17.10 18.03 18.53
JAN 11 06.59 07.32 08.42 09.59 10.50 12.59 16.22 11.16 18.09 18.59
JAN 16 06.57 07.30 08.38 09.59 10.49 13.00 16.28 17.23 18.15 19.04
JAN 21 06.54 07.27 09.34 09.58 10.48 13.02 16.34 17.30 18.22 19.11
JAN 26 06.50 07.22 0e.29 09.57 10.46 13.03 16.41 17.38 18.29 19.17
JAN 31 06.45 07.17 08.23 09.55 10.44 13.04 16.47 17.46 18.36 19.24
FEB 05 06.39 07.11 08.16 09.52 10.40 13.05 16.54 17.54 18.44 19.31
FEB 10 06.32 07.04 08.08 09.49 10.37 13.05 17.01 18.03 18.51 19.39
FEB 15 06.25 06.56 08.00 09.45 10.32 13.05 17.07 18.11 18.59 19.46
FEB 20 06.16 06.48 07.51 09.41 10.28 13.04 17.14 18.19 19.07 19.53
FEB 25 06.07 06.39 07.41 09.36 10.23 13.04 17.20 18.27 19.14 20.01
MAR 02 05.58 06.30 07.32 09.31 10.17 13.03 17.26 18.35 19.22 20.09
MAR 07 05.48 06.20 07.22 09.25 10.12 13.02 17.32 18.43 19.30 20.17
MAR 12 05.37 06.10 07.11 09.19 10.06 13.01 17.38 18.51 19.37 20.25
MAR 17 05.26 02.59 07.01 09.13 10.00 12.59 17.44 18.58 19.45 20.33
MAR 22 05.15 02.48 06.50 09.07 09.54 12.58 17.49 19.06 19.53 20.42
MAR 27 05.03 05.37 06.40 09.00 09.48 12.56 17.55 19.13 20.01 20.50
APR 01 04.51 05.26 06.29 08.53 09.42 12.55 18.00 19.21 20.09 20.59
APR 06 04.39 05.14 06.19 08.47 09.36 12.53 18.06 19.28 20.17 21.09
APR 11 04.27 05.03 06.09 08.40 09.31 12.52 18.12 19.36 20.25 21.18
APR 16 04.14 04.52 05.59 08.33 09.25 12.51 18.17 19.43 20.33 21.29
APR 21 04.01 04.41 05.49 08.26 09.20 12.49 18.23 19.51 20.42 21.39
APR 26 03.49 04.30 05.40 08.19 09.14 12.49 18.29 19.58 20.50 21.50
MAY 01 03.36 04.19 05.31 08.12 09.10 12.48 18.34 20.05 20.59 22.02
MAY 06 03.23 04.08 05.23 08.06 09.05 12.47 18.40 20.13 21.08 22.14
MAY 11 03.10 03.59 05.15 07.59 09.01 12.47 18.45 20.20 21.16 22.26
MAY 16 02.58 03.49 05.08 07.53 08.58 12.47 18.51 20.26 21.25 22.38
NAY 21 02.46 03.41 05.02 07.47 08.55 12.47 18.56 20.33 21.33 22.51
MAY 26 02.34 03.33 04.57 07.41 08.52 12.48 19.01 20.39 21.40 23.03
MAY 31 02.23 03.26 04.53 07.36 08.51 12.48 19.05 20.44 21.47 23.15
JUN 05 02.14 03.21 04.50 07.32 08.49 12.49 19.09 20.49 21.53 23.26
JUN 10 02.06 03.17 04.48 07.28 08.49 12.50 19.12 20.53 21.58 23.35
JUN 15 02.01 03.15 04.47 07.26 08.49 12.51 19.15 20.56 22.01 23.42
JUN 20 01.59 03.15 04.47 07.26 08.49 12.52 19.16 20.57 22.03 23.45
JUN 25 02.01 03.16 04.48 07.27 08.51 12.53 19.17 20.58 22.04 23.45
JUN 30 02.06 03.19 04.50 07 30 08 52 12.54 19.17 20.58 22.03 23.42
JUL 05 02.14 03.24 04.54 07.34 08.54 12.55 19.16 20.56 22.01 21.35
JUL 10 02.24 01.30 04.58 07.39 08.57 12.56 19.14 20.54 21.57 23.26
JUL 15 02.35 03.37 05.03 07.45 08.59 12.57 19.11 20.50 21.52 23.16
JUL 20 02.47 04.45 05.08 07.51 09.02 12.57 19.07 20.45 21.45 23.05
JUL 25 02.59 03.53 05.14 07.58 09.05 12.57 19.03 20.39 21.38 22.53
JUL 30 03.11 04.02 05.21 08.04 09.09 12.57 18.58 20.33 21.30 22.41
AUG 04 03.24 04.11 05.27 08.10 09.12 12.57 18.51 20.25 21.21 22.27
AUG 09 03.35 04.20 05.34 08.15 09.15 12.56 18.45 20.17 21.11 22.15
AUG 14 03.47 04.29 05.41 08.20 09.18 12.55 18.38 20.09 21.01 22.02
AUG 19 03.58 04.38 05.48 08.25 09.21 12.54 18.31 19.59 20.51 21.49
AUG 24 04.08 04.47 05.55 08.30 09.24 12.53 18.23 19.50 20.40 21.36
AUG 29 04.18 04.56 06.02 08.34 09.27 12.52 18.15 19.40 20.29 21.24
SEP 03 04.28 05.04 06.09 08.38 09.30 12.50 18.06 19.30 20.18 21.11
SEP 08 04.37 05.12 06.17 08.42 09.32 12.48 17.58 19.19 20.07 20.59
SEP 13 04.46 05.20 06.24 08.46 09.35 12.47 17.49 19.09 19.56 20.46
SEP 18 04.54 05.28 06.31 08.49 09.38 12.45 17.40 18.58 19.45 20.34
SEP 23 05.02 05.35 06.38 08.53 09.40 12.43 17.32 18.48 19.34 20.23
SEP 28 05.10 05.43 06.45 08.56 09.43 12.41 17.23 18.37 19.24 20.11
OCT 03 05.18 05.51 06.52 08.59 09.46 12.40 17.14 1e.26 19.13 20.00
OCT 08 05.26 05.58 07.00 09.02 09.49 12.38 17.06 18.16 19.03 19.50
OCT 13 05.33 06.05 07.07 09.05 09.52 12.37 16.57 18.06 18.53 19.40
OCT 18 05.41 06.12 07.15 09.08 09.55 12.36 16.49 17.56 18.43 19.30
OCT 23 05.48 06.20 07.23 09.11 09.59 12.35 16.42 17.47 18.34 19.21
OCT 28 05.55 06.27 07.30 09.15 10.02 12.35 16.35 17.38 18.26 19.13
NOV 02 06.02 06.34 07.38 09.18 10.06 12.34 16.28 17.29 18.18 19.06
NOV 07 06.09 06.41 07.46 09.22 10.10 12.34 16.22 17.22 18.11 18.59
NOV 12 06.16 06.48 07.54 09.25 10.14 12.35 16.16 17.15 18.05 18.53
NOV 17 06.23 06.55 08.02 09.29 10.19 12.36 16.12 17.09 18.00 18.48
NOV 22 06.29 07.02 08.10 09.33 10.23 12.37 16.08 17.03 17.55 18.44
NOV 27 06.35 07.08 08.17 09.36 10.27 12.38 16.05 16.59 17.52 18.41
DEC 02 06.41 07.14 08.23 09.40 10.32 12.40 16.03 16.56 17.49 18.39
DEC 07 06.46 07.19 08.29 09.44 10.36 12.42 16.02 16.54 17.48 18.38
DEC 12 06.50 07.24 08.34 09.47 10.39 12.44 16.02 16.54 17.48 18.38
DEC 17 06.54 07.28 08.39 09.50 10.43 12.47 16.03 16.55 17.49 18.39
DEC 22 06.57 07.30 0e.42 09.53 10.45 12.49 16.05 16.57 17.51 18.41
DEC 27 06.59 07.32 08.44 09.55 10.48 12.52 16.08 17.00 17.54 18.45