JAN 1 7.00 7.33 8.44 9.57 10.49 12.54 16.12 17.4 17.58 18.49
JAN 6 7.00 7.33 8.43 9.58 10.50 12.56 16.17 17.10 18.3 18.53
JAN 11 6.59 7.32 8.42 9.59 10.50 12.59 16.22 11.16 18.9 18.59
JAN 16 6.57 7.30 8.38 9.59 10.49 13.00 16.28 17.23 18.15 19.4
JAN 21 6.54 7.27 8.34 9.58 10.48 13.2 16.34 17.30 18.22 19.11
JAN 26 6.50 7.22 8.29 9.57 10.46 13.3 16.41 17.38 18.29 19.17
JAN 31 6.45 7.17 8.23 9.55 10.44 13.4 16.47 17.46 18.36 19.24
FEB 5 6.39 7.11 8.16 9.52 10.40 13.5 16.54 17.54 18.44 19.31
FEB 10 6.32 7.4 8.8 9.49 10.37 13.5 17.1 18.3 18.51 19.39
FEB 15 6.25 6.56 8.00 9.45 10.32 13.5 17.7 18.11 18.59 19.46
FEB 20 6.16 6.48 7.51 9.41 10.28 13.4 17.14 18.19 19.7 19.53
FEB 25 6.7 6.39 7.41 9.36 10.23 13.4 17.20 18.27 19.14 20.1
MAR 2 5.58 6.30 7.32 9.31 10.17 13.3 17.26 18.35 19.22 20.9
MAR 7 5.48 6.20 7.22 9.25 10.12 13.2 17.32 18.43 19.30 20.17
MAR 12 5.37 6.10 7.11 9.19 10.6 13.1 17.38 18.51 19.37 20.25
MAR 17 5.26 2.59 7.1 9.13 10.00 12.59 17.44 18.58 19.45 20.33
MAR 22 5.15 2.48 6.50 9.7 9.54 12.58 17.49 19.6 19.53 20.42
MAR 27 5.3 5.37 6.40 9.00 9.48 12.56 17.55 19.13 20.1 20.50
APR 1 4.51 5.26 6.29 8.53 9.42 12.55 18.00 19.21 20.9 20.59
APR 6 4.39 5.14 6.19 8.47 9.36 12.53 18.6 19.28 20.17 21.9
APR 11 4.27 5.3 6.9 8.40 9.31 12.52 18.12 19.36 20.25 21.18
APR 16 4.14 4.52 5.59 8.33 9.25 12.51 18.17 19.43 20.33 21.29
APR 21 4.1 4.41 5.49 8.26 9.20 12.49 18.23 19.51 20.42 21.39
APR 26 3.49 4.30 5.40 8.19 9.14 12.49 18.29 19.58 20.50 21.50
MAY 1 3.36 4.19 5.31 8.12 9.10 12.48 18.34 20.5 20.59 22.2
MAY 6 3.23 4.8 5.23 8.6 9.5 12.47 18.40 20.13 21.8 22.14
MAY 11 3.10 3.59 5.15 7.59 9.1 12.47 18.45 20.20 21.16 22.26
MAY 16 2.58 3.49 5.8 7.53 8.58 12.47 18.51 20.26 21.25 22.38
MAY 21 2.46 3.41 5.2 7.47 8.55 12.47 18.56 20.33 21.33 22.51
MAY 26 2.34 3.33 4.57 7.41 8.52 12.48 19.1 20.39 21.40 23.3
MAY 31 2.23 3.26 4.53 7.36 8.51 12.48 19.5 20.44 21.47 23.15
JUN 5 2.14 3.21 4.50 7.32 8.49 12.49 19.9 20.49 21.53 23.26
JUN 10 2.6 3.17 4.48 7.28 8.49 12.50 19.12 20.53 21.58 23.35
JUN 15 2.1 3.15 4.47 7.26 8.49 12.51 19.15 20.56 22.1 23.42
JUN 20 1.59 3.15 4.47 7.26 8.49 12.52 19.16 20.57 22.3 23.45
JUN 25 2.1 3.16 4.48 7.27 8.51 12.53 19.17 20.58 22.4 23.45
JUN 30 2.6 3.19 4.50 7.30 8.52 12.54 19.17 20.58 22.3 23.42
JUL 5 2.14 3.24 4.54 7.34 8.54 12.55 19.16 20.56 22.1 21.35
JUL 10 2.24 1.30 4.58 7.39 8.57 12.56 19.14 20.54 21.57 23.26
JUL 15 2.35 3.37 5.3 7.45 8.59 12.57 19.11 20.50 21.52 23.16
JUL 20 2.47 4.45 5.8 7.51 9.2 12.57 19.7 20.45 21.45 23.5
JUL 25 2.59 3.53 5.14 7.58 9.5 12.57 19.3 20.39 21.38 22.53
JUL 30 3.11 4.2 5.21 8.4 9.9 12.57 18.58 20.33 21.30 22.41
AUG 4 3.24 4.11 5.27 8.10 9.12 12.57 18.51 20.25 21.21 22.27
AUG 9 3.35 4.20 5.34 8.15 9.15 12.56 18.45 20.17 21.11 22.15
AUG 14 3.47 4.29 5.41 8.20 9.18 12.55 18.38 20.9 21.1 22.2
AUG 19 3.58 4.38 5.48 8.25 9.21 12.54 18.31 19.59 20.51 21.49
AUG 24 4.8 4.47 5.55 8.30 9.24 12.53 18.23 19.50 20.40 21.36
AUG 29 4.18 4.56 6.2 8.34 9.27 12.52 18.15 19.40 20.29 21.24
SEP 3 4.28 5.4 6.9 8.38 9.30 12.50 18.6 19.30 20.18 21.11
SEP 8 4.37 5.12 6.17 8.42 9.32 12.48 17.58 19.19 20.7 20.59
SEP 13 4.46 5.20 6.24 8.46 9.35 12.47 17.49 19.9 19.56 20.46
SEP 18 4.54 5.28 6.31 8.49 9.38 12.45 17.40 18.58 19.45 20.34
SEP 23 5.2 5.35 6.38 8.53 9.40 12.43 17.32 18.48 19.34 20.23
SEP 28 5.10 5.43 6.45 8.56 9.43 12.41 17.23 18.37 19.24 20.11
OCT 3 5.18 5.51 6.52 8.59 9.46 12.40 17.14 18.26 19.13 20.00
OCT 8 5.26 5.58 7.00 9.2 9.49 12.38 17.6 18.16 19.3 19.50
OCT 13 5.33 6.5 7.7 9.5 9.52 12.37 16.57 18.6 18.53 19.40
OCT 18 5.41 6.12 7.15 9.8 9.55 12.36 16.49 17.56 18.43 19.30
OCT 23 5.48 6.20 7.23 9.11 9.59 12.35 16.42 17.47 18.34 19.21
OCT 28 5.55 6.27 7.30 9.15 10.2 12.35 16.35 17.38 18.26 19.13
NOV 2 6.2 6.34 7.38 9.18 10.6 12.34 16.28 17.29 18.18 19.6
NOV 7 6.9 6.41 7.46 9.22 10.10 12.34 16.22 17.22 18.11 18.59
NOV 12 6.16 6.48 7.54 9.25 10.14 12.35 16.16 17.15 18.5 18.53
NOV 17 6.23 6.55 8.2 9.29 10.19 12.36 16.12 17.9 18.00 18.48
NOV 22 6.29 7.2 8.10 9.33 10.23 12.37 16.8 17.3 17.55 18.44
NOV 27 6.35 7.8 8.17 9.36 10.27 12.38 16.5 16.59 17.52 18.41
DEC 2 6.41 7.14 8.23 9.40 10.32 12.40 16.3 16.56 17.49 18.39
DEC 7 6.46 7.19 8.29 9.44 10.36 12.42 16.2 16.54 17.48 18.38
DEC 12 6.50 7.24 8.34 9.47 10.39 12.44 16.2 16.54 17.48 18.38
DEC 17 6.54 7.28 8.39 9.50 10.43 12.47 16.3 16.55 17.49 18.39
DEC 22 6.57 7.30 8.42 9.53 10.45 12.49 16.5 16.57 17.51 18.41
DEC 27 6.59 7.32 8.44 9.55 10.48 12.52 16.8 17.00 17.54 18.45